name: Web_APP3
channels:
  - fastai
  - conda-forge
  - pytorch
  - defaults
dependencies:
  - bzip2=1.0.8=h2466b09_7
  - ca-certificates=2025.1.31=h56e8100_0
  - libexpat=2.6.4=he0c23c2_0
  - libffi=3.4.2=h8ffe710_5
  - liblzma=5.6.4=h2466b09_0
  - libsqlite=3.48.0=h67fdade_1
  - libzlib=1.3.1=h2466b09_2
  - openssl=3.4.0=ha4e3fda_1
  - pip=25.0=pyh8b19718_0
  - python=3.11.11=h3f84c4b_1_cpython
  - setuptools=75.8.0=pyhff2d567_0
  - tk=8.6.13=h5226925_1
  - ucrt=10.0.22621.0=h57928b3_1
  - vc=14.3=h5fd82a7_24
  - vc14_runtime=14.42.34433=h6356254_24
  - vs2015_runtime=14.42.34433=hfef2bbc_24
  - wheel=0.45.1=pyhd8ed1ab_1
  - pip:
      - numpy==1.26.4
      - opencv-python==4.11.0.86
      - streamlit-webrtc=0.47.0
prefix: C:\anaconda3\envs\Web_APP3
